DVL2_chr17:7133162_G->A	0.536183326152539	syn_exonic
VPS8_chr3:184647413_T->C	0.452227150457445	syn_exonic
MTRR_chr5:7897319_G->A	0.377021891445263	syn_exonic
MTRR_chr5:7878179_C->T	0.366931438535312	nonsyn_exonic
TACC3_chr4:1732978_G->A	0.190944056328738	nonsyn_exonic
TACC3_chr4:1729988_G->A	0.169433877572745	nonsyn_exonic
MIR4707_chr14:23426182_C->A	0.162979107930746	ncRNA_exonic
EXOSC7_chr3:45052775_G->C	0.144735503015258	nonsyn_exonic
SNORD54_chr8:56986417_A->G	0.143858220343606	ncRNA_exonic
VPS8_chr3:184766301_T->C	0.121777132388183	nonsyn_exonic
SACM1L_chr3:45779136_A->T	0.110892680849971	nonsyn_exonic
DNAJC10_chr2:183627504_A->G	0.101940644407041	syn_exonic
NFATC4_chr14:24843620_T->C	0.0885078034444416	syn_exonic
ADD1_chr4:2906707_G->T	0.0823515160928868	nonsyn_exonic
PJA2_chr5:108672946_C->T	0.0786265608478492	nonsyn_exonic
TACC3_chr4:1729953_G->A	0.0782774108701796	nonsyn_exonic
PEMT_chr17:17425631_C->T	0.0730796842196887	nonsyn_exonic
PDLIM1_chr10:97023630_T->C	0.0693869547948102	nonsyn_exonic
HCLS1_chr3:121351338_C->T	0.0661036701959208	nonsyn_exonic
HYOU1_chr11:118919206_T->C	0.0658464808625314	syn_exonic
PSME4_chr2:54133744_T->C	0.0605417542891476	syn_exonic
CHMP4A_chr14:24679877_C->T	0.0483850955614793	nonsyn_exonic
RAPGEF2_chr4:160277276_C->T	0.0476162818211965	syn_exonic
CEACAM6_chr19:42265889_G->T	0.0346350479175439	nonsyn_exonic
PLA2G7_chr6:46684222_C->T	0.0327607069898433	nonsyn_exonic
TMEM176A_chr7:150501455_G->T	0.0285073419559687	nonsyn_exonic
GIPC1_chr19:14590236_C->T	0.0279670624318546	syn_exonic
WDR11_chr10:122665459_C->G	0.0270630338059631	syn_exonic
NOTCH3_chr19:15295134_G->A	0.0250503096978016	syn_exonic
FAM208B_chr10:5799613_A->G	0.023646448689886	nonsyn_exonic
SLC1A5_chr19:47282162_G->A	0.0151914661651584	syn_exonic
MSH6_chr2:48023115_T->C	0.0135442720445982	syn_exonic
SDC2_chr8:97614661_T->A	0.0075311294734062	nonsyn_exonic
MCM3_chr6:52129484_C->T	0.00212531468432773	nonsyn_exonic
ANO10_chr3:43602803_C->T	0.000636111814746492	nonsyn_exonic
