MIR1256_chr10:74127853_G->A	0.599175031041117	ncRNA_intronic
MIR4707_chr14:23426182_C->A	0.47252249424995	ncRNA_exonic
SNORD54_chr8:56986417_A->G	0.451074874866331	ncRNA_exonic
SYS1-DBNDD2_chr20:43996454_G->T	0.283384567585964	ncRNA_intronic
SNHG17_chr20:37059749_T->G	0.265904019600228	ncRNA_exonic
MIR548O2_chr8:29920825_T->C	0.201878428462283	ncRNA_intronic
LOC400541_chr16:70196186_T->G	0.111332087441157	ncRNA_intronic
H19_chr11:2016924_A->G	0.0793555597565657	ncRNA_exonic
TMEM256-PLSCR3_chr17:7297452_A->G	0.0415419404832506	ncRNA_exonic
LOC100129148_chr7:139104461_G->T	0.0334568380275586	ncRNA_intronic
H19_chr11:2017110_C->G	0.0231237321204673	ncRNA_exonic
FLJ31306_chr14:58732748_G->A	0.0197799179834379	ncRNA_exonic
SPTY2D1-AS1_chr11:18628730_G->A	0.00365891710117084	ncRNA_intronic
