MIR1256_chr10:74127853_G->A	0.494999841835878	ncRNA_intronic
TMEM165_chr4:56290573_T->C	0.425208833595934	intronic
DCBLD1_chr6:117869850_C->T	0.351971281534827	intronic
HNRNPH1_chr5:179043647_T->G	0.275959978824941	intronic
NMRAL1_chr16:4524443_C->G	0.247402477460711	intronic
SYS1-DBNDD2_chr20:43996454_G->T	0.238773714663996	ncRNA_intronic
NBPF20,NBPF9,PDE4DIP_chr1:145004852_T->G	0.191410681416988	intronic
ARGLU1_chr13:107210841_T->C	0.190615457991598	intronic
DPYD_chr1:98012393_C->T	0.189714634800186	intronic
MIR548O2_chr8:29920825_T->C	0.172641247774731	ncRNA_intronic
ARFGAP1_chr20:61915375_G->T	0.169092338670169	intronic
CYR61_chr1:86047311_G->C	0.148560813477078	intronic
SOD2_chr6:160101532_T->G	0.147013562890873	intronic
FAM20A,PRKAR1A_chr17:66537374_G->T	0.140167391393419	intronic
HNRNPH1_chr5:179048449_T->G	0.107605927305084	intronic
LOC400541_chr16:70196186_T->G	0.0991737401255569	ncRNA_intronic
APOL3_chr22:36545137_A->T	0.0418612018986758	intronic
LOC100129148_chr7:139104461_G->T	0.0359873052298613	ncRNA_intronic
PPIA_chr7:44837298_G->A	0.0225001040514063	intronic
SPTY2D1-AS1_chr11:18628730_G->A	0.0118098623989233	ncRNA_intronic
RPL3_chr22:39712981_A->G	0.010725396669031	intronic
