MIR1256_chr10:74127853_G->A	0.503367353848334	ncRNA_intronic
TMEM165_chr4:56290573_T->C	0.429017015994448	intronic
DCBLD1_chr6:117869850_C->T	0.350994977387212	intronic
HNRNPH1_chr5:179043647_T->G	0.270017983649508	intronic
NMRAL1_chr16:4524443_C->G	0.239594868577241	intronic
SYS1-DBNDD2_chr20:43996454_G->T	0.230402403166925	ncRNA_intronic
NBPF20,NBPF9,PDE4DIP_chr1:145004852_T->G	0.179945222327913	intronic
ARGLU1_chr13:107210841_T->C	0.179098048288761	intronic
DPYD_chr1:98012393_C->T	0.178138375827836	intronic
CCDC57_chr17:80112599_G->T	0.169992556144228	intronic
MIR548O2_chr8:29920825_T->C	0.159949613039248	ncRNA_intronic
ARFGAP1_chr20:61915375_G->T	0.156168859650075	intronic
CYR61_chr1:86047311_G->C	0.134296044322439	intronic
SOD2_chr6:160101532_T->G	0.132647714448289	intronic
FAM20A,PRKAR1A_chr17:66537374_G->T	0.125354294039583	intronic
CCDC57_chr17:80113381_G->C	0.117579561583131	intronic
HNRNPH1_chr5:179048449_T->G	0.090665644068206	intronic
LOC400541_chr16:70196186_T->G	0.081682596230731	ncRNA_intronic
APOL3_chr22:36545137_A->T	0.0206259259246915	intronic
LOC100129148_chr7:139104461_G->T	0.0143682974298615	ncRNA_intronic
CALCOCO1_chr12:54106046_C->T	0.0134033266602473	intronic
LLGL2_chr17:73562216_G->A	0.00587282065069225	intronic
