MIR1256_chr10:74127853_G->A	0.621416807938228	ncRNA_intronic
MIR4707_chr14:23426182_C->A	0.480277380485475	ncRNA_exonic
SNORD54_chr8:56986417_A->G	0.456376519146869	ncRNA_exonic
SYS1-DBNDD2_chr20:43996454_G->T	0.269505299994331	ncRNA_intronic
SNHG17_chr20:37059749_T->G	0.250025275379149	ncRNA_exonic
MIR548O2_chr8:29920825_T->C	0.178676248312809	ncRNA_intronic
LOC400541_chr16:70196186_T->G	0.0777729497808945	ncRNA_intronic
H19_chr11:2016924_A->G	0.042138852559677	ncRNA_exonic
