PLEC_chr8:144990335_G->A	0.369875337112115	UTR3
PPP2R4_chr9:131910644_G->A	0.286073130260516	UTR3
FSTL1_chr3:120113403_T->G	0.285319452934878	UTR3
FSTL1_chr3:120113286_C->T	0.280448084586832	UTR3
PRRC2C_chr1:171561250_G->A	0.271015533819149	UTR3
NMT1_chr17:43185492_C->G	0.267265681417738	UTR3
TUBA1B_chr12:49521672_G->A	0.241231820319988	UTR3
TIMP3_chr22:33258050_C->T	0.230869894619957	UTR3
ZMIZ2_chr7:44808091_T->G	0.206147551532184	UTR3
TWSG1_chr18:9401746_C->A	0.199827778378666	UTR3
OGDH_chr7:44748330_A->G	0.199495951284544	UTR3
DDIT4_chr10:74035297_C->T	0.193009949396479	UTR3
FSTL1_chr3:120114128_A->C	0.191556211360624	UTR3
PPP2R4_chr9:131910093_G->T	0.172769513639609	UTR3
DDIT4_chr10:74035041_T->A	0.136250659869591	UTR3
CRAT_chr9:131857630_C->T	0.127708316095258	UTR3
TMEM50B_chr21:34822150_T->A	0.127543977460728	UTR3
FSTL1_chr3:120114914_G->A	0.115613836307844	UTR3
RCL1_chr9:4860569_G->A	0.114927289699864	UTR3
ZMIZ2_chr7:44808223_G->A	0.114480744010148	UTR3
PPP2R4_chr9:131910805_A->T	0.110815234913963	UTR3
TIMP3_chr22:33258288_T->C	0.107816818126966	UTR3
PIP4K2A_chr10:22826093_A->C	0.0803846027127172	UTR3
HLA-B_chr6:31321803_G->A	0.0771398708160169	UTR3
EMILIN2_chr18:2913431_T->C	0.0711382207265202	UTR3
RAB15_chr14:65412748_G->C	0.0634966564027856	UTR3
DNAJC11,THAP3_chr1:6695331_G->T	0.045699584775996	UTR3
HMGCL_chr1:24128467_C->T	0.0201261405016719	UTR3
PRDX6_chr1:173457599_A->G	0.0132281874404188	UTR3
