PLEC_chr8:144990335_G->A	0.305596214955972	UTR3
PPP2R4_chr9:131910644_G->A	0.252262363457714	UTR3
FSTL1_chr3:120113403_T->G	0.251782704077927	UTR3
FSTL1_chr3:120113286_C->T	0.248682441616724	UTR3
PRRC2C_chr1:171561250_G->A	0.24267932689226	UTR3
NMT1_chr17:43185492_C->G	0.240292825645683	UTR3
TUBA1B_chr12:49521672_G->A	0.223724215654631	UTR3
TIMP3_chr22:33258050_C->T	0.217129623133934	UTR3
ZMIZ2_chr7:44808091_T->G	0.201395696493228	UTR3
TWSG1_chr18:9401746_C->A	0.19737363245058	UTR3
OGDH_chr7:44748330_A->G	0.197162449265484	UTR3
DDIT4_chr10:74035297_C->T	0.193034593036972	UTR3
FSTL1_chr3:120114128_A->C	0.192109397252343	UTR3
PPP2R4_chr9:131910093_G->T	0.180153065980905	UTR3
DDIT4_chr10:74035041_T->A	0.156911540524352	UTR3
CRAT_chr9:131857630_C->T	0.151474976125587	UTR3
TMEM50B_chr21:34822150_T->A	0.151370386847348	UTR3
FSTL1_chr3:120114914_G->A	0.143777742208193	UTR3
RCL1_chr9:4860569_G->A	0.143340806521028	UTR3
ZMIZ2_chr7:44808223_G->A	0.143056613509922	UTR3
PPP2R4_chr9:131910805_A->T	0.140723790483583	UTR3
TIMP3_chr22:33258288_T->C	0.13881552193487	UTR3
PIP4K2A_chr10:22826093_A->C	0.121356963763931	UTR3
HLA-B_chr6:31321803_G->A	0.119291934027462	UTR3
EMILIN2_chr18:2913431_T->C	0.115472331577319	UTR3
RAB15_chr14:65412748_G->C	0.110609046084395	UTR3
DNAJC11,THAP3_chr1:6695331_G->T	0.0992825379778968	UTR3
HMGCL_chr1:24128467_C->T	0.0830069489395187	UTR3
PRDX6_chr1:173457599_A->G	0.0786169165282922	UTR3
SOD2_chr6:160103084_C->T	0.0701981622848894	UTR3
LARP4B_chr10:858022_C->T	0.0650680235538214	UTR3
FSTL1_chr3:120115286_T->G	0.0626015842113195	UTR3
TIMP3_chr22:33257322_T->C	0.0523725286110828	UTR3
AKAP13_chr15:86288387_C->T	0.0492893264076686	UTR3
TWSG1_chr18:9400701_G->A	0.0487689101985485	UTR3
HCLS1_chr3:121350583_C->T	0.0447474210078707	UTR3
ALPL_chr1:21904267_A->G	0.0401327417124527	UTR3
MXD4_chr4:2250742_T->C	0.0386898637684638	UTR3
LARP4B_chr10:858394_C->T	0.0351603787610721	UTR3
SRPR_chr11:126133641_G->A	0.0330336157329154	UTR3
C12orf5_chr12:4462040_C->T	0.028060721581059	UTR3
PRDX6_chr1:173457017_C->T	0.0275997775520158	UTR3
C1QC_chr1:22974297_C->A	0.019561665957471	UTR3
DYNC2LI1_chr2:44036922_T->C	0.0142178203706886	UTR3
