DVL2_chr17:7133162_G->A	0.510377809445084	syn_exonic
VPS8_chr3:184647413_T->C	0.401158775520916	syn_exonic
MTRR_chr5:7897319_G->A	0.303323855488853	syn_exonic
MTRR_chr5:7878179_C->T	0.290197131819535	nonsyn_exonic
PLEC_chr8:144990335_G->A	0.272976149257592	UTR3
PPP2R4_chr9:131910644_G->A	0.192570864919412	UTR3
FSTL1_chr3:120113403_T->G	0.191847737904697	UTR3
FSTL1_chr3:120113286_C->T	0.187173830476049	UTR3
PRRC2C_chr1:171561250_G->A	0.178123628160341	UTR3
NMT1_chr17:43185492_C->G	0.174525776028647	UTR3
MIR1256_chr10:74127853_G->A	0.171763212387837	ncRNA_intronic
TUBA1B_chr12:49521672_G->A	0.149547197508727	UTR3
TIMP3_chr22:33258050_C->T	0.139605292474203	UTR3
ZMIZ2_chr7:44808091_T->G	0.115885069580807	UTR3
TWSG1_chr18:9401746_C->A	0.109821468436493	UTR3
OGDH_chr7:44748330_A->G	0.109503091953864	UTR3
DDIT4_chr10:74035297_C->T	0.103280000156874	UTR3
FSTL1_chr3:120114128_A->C	0.101885189393321	UTR3
PPP2R4_chr9:131910093_G->T	0.0838600104775834	UTR3
TMEM165_chr4:56290573_T->C	0.0720047588405966	intronic
TACC3_chr4:1732978_G->A	0.0612542135850102	nonsyn_exonic
DDIT4_chr10:74035041_T->A	0.048821448470709	UTR3
CRAT_chr9:131857630_C->T	0.0406253686072505	UTR3
TMEM50B_chr21:34822150_T->A	0.0404676914393864	UTR3
TACC3_chr4:1729988_G->A	0.0332715080387523	nonsyn_exonic
FSTL1_chr3:120114914_G->A	0.029021138566489	UTR3
RCL1_chr9:4860569_G->A	0.0283624211257455	UTR3
ZMIZ2_chr7:44808223_G->A	0.0279339761658742	UTR3
MIR4707_chr14:23426182_C->A	0.0248744640016055	ncRNA_exonic
PPP2R4_chr9:131910805_A->T	0.0244170484834695	UTR3
TIMP3_chr22:33258288_T->C	0.021540172523034	UTR3
EXOSC7_chr3:45052775_G->C	0.00114126167709521	nonsyn_exonic
