DVL2_chr17:7133162_G->A	0.510578721439261	syn_exonic
VPS8_chr3:184647413_T->C	0.402980757117042	syn_exonic
MTRR_chr5:7897319_G->A	0.306597939426253	syn_exonic
MTRR_chr5:7878179_C->T	0.293666047481306	nonsyn_exonic
PLEC_chr8:144990335_G->A	0.276700665159943	UTR3
PPP2R4_chr9:131910644_G->A	0.19748878601492	UTR3
FSTL1_chr3:120113403_T->G	0.19677639192083	UTR3
FSTL1_chr3:120113286_C->T	0.192171856367969	UTR3
PRRC2C_chr1:171561250_G->A	0.183255980527586	UTR3
NMT1_chr17:43185492_C->G	0.17971152905797	UTR3
TUBA1B_chr12:49521672_G->A	0.155103691908703	UTR3
TIMP3_chr22:33258050_C->T	0.14530934833355	UTR3
ZMIZ2_chr7:44808091_T->G	0.121941189827673	UTR3
TWSG1_chr18:9401746_C->A	0.115967586911142	UTR3
OGDH_chr7:44748330_A->G	0.115653935890911	UTR3
DDIT4_chr10:74035297_C->T	0.109523209541406	UTR3
FSTL1_chr3:120114128_A->C	0.108149101078981	UTR3
PPP2R4_chr9:131910093_G->T	0.09039145858579	UTR3
TACC3_chr4:1732978_G->A	0.068121185354741	nonsyn_exonic
DDIT4_chr10:74035041_T->A	0.0558729519733328	UTR3
CRAT_chr9:131857630_C->T	0.047798521381475	UTR3
TMEM50B_chr21:34822150_T->A	0.047643184516895	UTR3
TACC3_chr4:1729988_G->A	0.0405538095519487	nonsyn_exonic
FSTL1_chr3:120114914_G->A	0.0363665256472923	UTR3
RCL1_chr9:4860569_G->A	0.0357175851362749	UTR3
ZMIZ2_chr7:44808223_G->A	0.0352954993161583	UTR3
MIR4707_chr14:23426182_C->A	0.0322813975715581	ncRNA_exonic
PPP2R4_chr9:131910805_A->T	0.0318307711849981	UTR3
TIMP3_chr22:33258288_T->C	0.028996594889634	UTR3
EXOSC7_chr3:45052775_G->C	0.0089004522801202	nonsyn_exonic
SNORD54_chr8:56986417_A->G	0.00777612963412694	ncRNA_exonic
PIP4K2A_chr10:22826093_A->C	0.00306699931321109	UTR3
