DVL2_chr17:7133162_G->A	0.536868831427531	syn_exonic
VPS8_chr3:184647413_T->C	0.452705469673734	syn_exonic
MTRR_chr5:7897319_G->A	0.377314620011675	syn_exonic
MTRR_chr5:7878179_C->T	0.36719926600122	nonsyn_exonic
TACC3_chr4:1732978_G->A	0.190777584211573	nonsyn_exonic
TACC3_chr4:1729988_G->A	0.169214322890521	nonsyn_exonic
MIR4707_chr14:23426182_C->A	0.162743624244243	ncRNA_exonic
EXOSC7_chr3:45052775_G->C	0.144454997976035	nonsyn_exonic
SNORD54_chr8:56986417_A->G	0.143575550356568	ncRNA_exonic
VPS8_chr3:184766301_T->C	0.121439970953108	nonsyn_exonic
SACM1L_chr3:45779136_A->T	0.110528658893955	nonsyn_exonic
DNAJC10_chr2:183627504_A->G	0.101554530721231	syn_exonic
NFATC4_chr14:24843620_T->C	0.0880885403523712	syn_exonic
ADD1_chr4:2906707_G->T	0.0819170605876071	nonsyn_exonic
PJA2_chr5:108672946_C->T	0.0781829129420147	nonsyn_exonic
TACC3_chr4:1729953_G->A	0.077832901336154	nonsyn_exonic
PEMT_chr17:17425631_C->T	0.0726223477972301	nonsyn_exonic
PDLIM1_chr10:97023630_T->C	0.0689205054982946	nonsyn_exonic
HCLS1_chr3:121351338_C->T	0.0656291184484537	nonsyn_exonic
HYOU1_chr11:118919206_T->C	0.0653712944262652	syn_exonic
PSME4_chr2:54133744_T->C	0.0600534769113024	syn_exonic
CHMP4A_chr14:24679877_C->T	0.0478668181248185	nonsyn_exonic
RAPGEF2_chr4:160277276_C->T	0.0470961071150686	syn_exonic
CEACAM6_chr19:42265889_G->T	0.034082838275721	nonsyn_exonic
PLA2G7_chr6:46684222_C->T	0.0322038718716183	nonsyn_exonic
TMEM176A_chr7:150501455_G->T	0.0279400104337533	nonsyn_exonic
GIPC1_chr19:14590236_C->T	0.0273983976142112	syn_exonic
WDR11_chr10:122665459_C->G	0.0264921380371552	syn_exonic
NOTCH3_chr19:15295134_G->A	0.0244744469522135	syn_exonic
FAM208B_chr10:5799613_A->G	0.0230671215126847	nonsyn_exonic
SLC1A5_chr19:47282162_G->A	0.0145912738819515	syn_exonic
MSH6_chr2:48023115_T->C	0.0129400148351972	syn_exonic
SDC2_chr8:97614661_T->A	0.00691203310179423	nonsyn_exonic
MCM3_chr6:52129484_C->T	0.00149287790683225	nonsyn_exonic
