MIR1256_chr10:74127853_G->A	0.515757012470513	ncRNA_intronic
TMEM165_chr4:56290573_T->C	0.437492678764697	intronic
DCBLD1_chr6:117869850_C->T	0.355363356394099	intronic
HNRNPH1_chr5:179043647_T->G	0.270123522342018	intronic
NMRAL1_chr16:4524443_C->G	0.238098855082731	intronic
SYS1-DBNDD2_chr20:43996454_G->T	0.228422474299283	ncRNA_intronic
NBPF20,NBPF9,PDE4DIP_chr1:145004852_T->G	0.175309095758897	intronic
ARGLU1_chr13:107210841_T->C	0.174417324267052	intronic
DPYD_chr1:98012393_C->T	0.173407132142872	intronic
CCDC57_chr17:80112599_G->T	0.164832495249115	intronic
MIR548O2_chr8:29920825_T->C	0.154260865405262	ncRNA_intronic
ARFGAP1_chr20:61915375_G->T	0.15028108328926	intronic
CYR61_chr1:86047311_G->C	0.127256825870929	intronic
SOD2_chr6:160101532_T->G	0.125521723609775	intronic
FAM20A,PRKAR1A_chr17:66537374_G->T	0.117844358513661	intronic
CCDC57_chr17:80113381_G->C	0.109660343847299	intronic
HNRNPH1_chr5:179048449_T->G	0.0813296074643869	intronic
LOC400541_chr16:70196186_T->G	0.0718736685414315	ncRNA_intronic
APOL3_chr22:36545137_A->T	0.00760281574196363	intronic
LOC100129148_chr7:139104461_G->T	0.00101576934966812	ncRNA_intronic
