MIR1256_chr10:74127853_G->A	0.601179220566477	ncRNA_intronic
MIR4707_chr14:23426182_C->A	0.473322271663564	ncRNA_exonic
SNORD54_chr8:56986417_A->G	0.45167069448164	ncRNA_exonic
SYS1-DBNDD2_chr20:43996454_G->T	0.282385723231424	ncRNA_intronic
SNHG17_chr20:37059749_T->G	0.264738942620213	ncRNA_exonic
MIR548O2_chr8:29920825_T->C	0.200104495162592	ncRNA_intronic
LOC400541_chr16:70196186_T->G	0.108697096695929	ncRNA_intronic
H19_chr11:2016924_A->G	0.076416485743757	ncRNA_exonic
TMEM256-PLSCR3_chr17:7297452_A->G	0.0382432749281357	ncRNA_exonic
LOC100129148_chr7:139104461_G->T	0.0300812865642021	ncRNA_intronic
H19_chr11:2017110_C->G	0.0196499171858704	ncRNA_exonic
FLJ31306_chr14:58732748_G->A	0.0162743047892236	ncRNA_exonic
