EXOSC7_chr3:45052775_G->C,10,4,0.9090909090909091,0.4444444444444444,0.6801999999999999,0.3815
ADD1_chr4:2906707_G->T,2,8,0.18181818181818182,0.8888888888888888,0.5745,0.530125
PJA2_chr5:108672946_C->T,5,8,0.45454545454545453,0.8888888888888888,0.3908,0.63425
PDLIM1_chr10:97023630_T->C,8,1,0.7272727272727273,0.1111111111111111,0.677875,0.434
TACC3_chr4:1729953_G->A,4,8,0.4444444444444444,0.8888888888888888,0.4465,0.776375
PEMT_chr17:17425631_C->T,4,8,0.36363636363636365,0.8888888888888888,0.5485,0.800875
TACC3_chr4:1729988_G->A,3,8,0.3333333333333333,0.8888888888888888,0.4306666666666667,0.775625
CHMP4A_chr14:24679877_C->T,9,9,0.8181818181818182,1.0,0.5627777777777777,0.8861111111111112
HCLS1_chr3:121351338_C->T,4,7,0.36363636363636365,0.7777777777777778,0.401,0.7487142857142857
CEACAM6_chr19:42265889_G->T,11,3,1.0,0.42857142857142855,0.7870000000000001,0.598
PLA2G7_chr6:46684222_C->T,7,0,0.875,0.0,0.6369999999999999,0
VPS8_chr3:184766301_T->C,9,1,0.8181818181818182,0.1111111111111111,0.5307777777777778,0.5
TACC3_chr4:1732978_G->A,3,8,0.3,0.8888888888888888,0.48933333333333334,0.7337499999999999
SACM1L_chr3:45779136_A->T,10,5,0.9090909090909091,0.5555555555555556,0.8987999999999999,0.577
MTRR_chr5:7878179_C->T,10,1,1.0,0.1111111111111111,0.6849000000000001,0.867
