PLEC_chr8:144990335_G->A	0.320804544050067	UTR3
PPP2R4_chr9:131910644_G->A	0.260987497570055	UTR3
FSTL1_chr3:120113403_T->G	0.260449531407679	UTR3
FSTL1_chr3:120113286_C->T	0.256972404994858	UTR3
PRRC2C_chr1:171561250_G->A	0.250239559299103	UTR3
NMT1_chr17:43185492_C->G	0.247562958004037	UTR3
TUBA1B_chr12:49521672_G->A	0.228980288909225	UTR3
TIMP3_chr22:33258050_C->T	0.221584066130524	UTR3
ZMIZ2_chr7:44808091_T->G	0.203937543429817	UTR3
TWSG1_chr18:9401746_C->A	0.199426562410706	UTR3
OGDH_chr7:44748330_A->G	0.199189708066911	UTR3
DDIT4_chr10:74035297_C->T	0.19456007489872	UTR3
FSTL1_chr3:120114128_A->C	0.193522413494236	UTR3
PPP2R4_chr9:131910093_G->T	0.180112685839045	UTR3
DDIT4_chr10:74035041_T->A	0.154045950183428	UTR3
CRAT_chr9:131857630_C->T	0.147948523948551	UTR3
TMEM50B_chr21:34822150_T->A	0.147831220931012	UTR3
FSTL1_chr3:120114914_G->A	0.139315624090956	UTR3
RCL1_chr9:4860569_G->A	0.1388255750588	UTR3
ZMIZ2_chr7:44808223_G->A	0.13850683590764	UTR3
PPP2R4_chr9:131910805_A->T	0.135890437888818	UTR3
TIMP3_chr22:33258288_T->C	0.133750202648571	UTR3
PIP4K2A_chr10:22826093_A->C	0.114169404407904	UTR3
HLA-B_chr6:31321803_G->A	0.111853352289804	UTR3
EMILIN2_chr18:2913431_T->C	0.107569443836224	UTR3
RAB15_chr14:65412748_G->C	0.10211498355999	UTR3
DNAJC11,THAP3_chr1:6695331_G->T	0.0894116395705769	UTR3
HMGCL_chr1:24128467_C->T	0.0711576106818131	UTR3
PRDX6_chr1:173457599_A->G	0.0662339315284396	UTR3
SOD2_chr6:160103084_C->T	0.0567918042540222	UTR3
LARP4B_chr10:858022_C->T	0.051038052400282	UTR3
FSTL1_chr3:120115286_T->G	0.04827179583628	UTR3
TIMP3_chr22:33257322_T->C	0.0367993092804202	UTR3
AKAP13_chr15:86288387_C->T	0.0333413169485721	UTR3
TWSG1_chr18:9400701_G->A	0.0327576396086577	UTR3
HCLS1_chr3:121350583_C->T	0.0282473033197906	UTR3
ALPL_chr1:21904267_A->G	0.023071669493432	UTR3
MXD4_chr4:2250742_T->C	0.0214533971463959	UTR3
LARP4B_chr10:858394_C->T	0.017494872441977	UTR3
SRPR_chr11:126133641_G->A	0.0151095828119684	UTR3
C12orf5_chr12:4462040_C->T	0.00953218998798498	UTR3
PRDX6_chr1:173457017_C->T	0.00901521419052437	UTR3
