DVL2_chr17:7133162_G->A	0.548168347156181	syn_exonic
VPS8_chr3:184647413_T->C	0.424852168460197	syn_exonic
MTRR_chr5:7897319_G->A	0.314389476675559	syn_exonic
MTRR_chr5:7878179_C->T	0.299568457448982	nonsyn_exonic
PLEC_chr8:144990335_G->A	0.280124724185388	UTR3
PPP2R4_chr9:131910644_G->A	0.189341350122285	UTR3
FSTL1_chr3:120113403_T->G	0.188524887487864	UTR3
FSTL1_chr3:120113286_C->T	0.183247708382987	UTR3
PRRC2C_chr1:171561250_G->A	0.173029376230612	UTR3
NMT1_chr17:43185492_C->G	0.168967141284442	UTR3
TUBA1B_chr12:49521672_G->A	0.140764521817283	UTR3
TIMP3_chr22:33258050_C->T	0.129539392883555	UTR3
ZMIZ2_chr7:44808091_T->G	0.102757547815584	UTR3
TWSG1_chr18:9401746_C->A	0.0959113041217188	UTR3
OGDH_chr7:44748330_A->G	0.0955518340750253	UTR3
DDIT4_chr10:74035297_C->T	0.0885255139135413	UTR3
FSTL1_chr3:120114128_A->C	0.0869506718078625	UTR3
PPP2R4_chr9:131910093_G->T	0.0665989427700151	UTR3
TACC3_chr4:1732978_G->A	0.0410753651571127	nonsyn_exonic
DDIT4_chr10:74035041_T->A	0.0270378752669819	UTR3
CRAT_chr9:131857630_C->T	0.0177839090604089	UTR3
TMEM50B_chr21:34822150_T->A	0.0176058801481406	UTR3
TACC3_chr4:1729988_G->A	0.00948086927523861	nonsyn_exonic
FSTL1_chr3:120114914_G->A	0.00468189511722241	UTR3
RCL1_chr9:4860569_G->A	0.00393815554441617	UTR3
ZMIZ2_chr7:44808223_G->A	0.00345441023616319	UTR3
