MIR1256_chr10:74127853_G->A	0.522688964893419	ncRNA_intronic
TMEM165_chr4:56290573_T->C	0.442186031263968	intronic
DCBLD1_chr6:117869850_C->T	0.357707558442818	intronic
HNRNPH1_chr5:179043647_T->G	0.270029603768423	intronic
NMRAL1_chr16:4524443_C->G	0.237088932829215	intronic
SYS1-DBNDD2_chr20:43996454_G->T	0.227135777884956	ncRNA_intronic
NBPF20,NBPF9,PDE4DIP_chr1:145004852_T->G	0.172503193858306	intronic
ARGLU1_chr13:107210841_T->C	0.171585914967382	intronic
DPYD_chr1:98012393_C->T	0.170546828250928	intronic
CCDC57_chr17:80112599_G->T	0.161726930449849	intronic
MIR548O2_chr8:29920825_T->C	0.150852919576981	ncRNA_intronic
ARFGAP1_chr20:61915375_G->T	0.146759303489371	intronic
CYR61_chr1:86047311_G->C	0.123076481710264	intronic
SOD2_chr6:160101532_T->G	0.121291750204149	intronic
FAM20A,PRKAR1A_chr17:66537374_G->T	0.113394788925404	intronic
CCDC57_chr17:80113381_G->C	0.104976686345178	intronic
HNRNPH1_chr5:179048449_T->G	0.075835604032002	intronic
LOC400541_chr16:70196186_T->G	0.0661091962613795	ncRNA_intronic
