DVL2_chr17:7133162_G->A	0.540037920410007	syn_exonic
VPS8_chr3:184647413_T->C	0.418550765886445	syn_exonic
MTRR_chr5:7897319_G->A	0.309726455501244	syn_exonic
MTRR_chr5:7878179_C->T	0.295125261464775	nonsyn_exonic
PLEC_chr8:144990335_G->A	0.27596991743378	UTR3
PPP2R4_chr9:131910644_G->A	0.18653304135149	UTR3
FSTL1_chr3:120113403_T->G	0.185728688481659	UTR3
FSTL1_chr3:120113286_C->T	0.180529780437782	UTR3
PRRC2C_chr1:171561250_G->A	0.170463006472712	UTR3
NMT1_chr17:43185492_C->G	0.166461022549476	UTR3
MIR1256_chr10:74127853_G->A	0.163388151605154	ncRNA_intronic
TUBA1B_chr12:49521672_G->A	0.138676704016358	UTR3
TIMP3_chr22:33258050_C->T	0.127618066068449	UTR3
ZMIZ2_chr7:44808091_T->G	0.101233449024645	UTR3
TWSG1_chr18:9401746_C->A	0.0944887487400785	UTR3
OGDH_chr7:44748330_A->G	0.0941346103490656	UTR3
DDIT4_chr10:74035297_C->T	0.0872125044890179	UTR3
FSTL1_chr3:120114128_A->C	0.0856610204236988	UTR3
PPP2R4_chr9:131910093_G->T	0.0656111480015401	UTR3
TMEM165_chr4:56290573_T->C	0.0524242451715956	intronic
TACC3_chr4:1732978_G->A	0.0404661358040959	nonsyn_exonic
DDIT4_chr10:74035041_T->A	0.0266368498057872	UTR3
CRAT_chr9:131857630_C->T	0.0175201383216817	UTR3
TMEM50B_chr21:34822150_T->A	0.0173447499322326	UTR3
TACC3_chr4:1729988_G->A	0.00934024912901434	nonsyn_exonic
FSTL1_chr3:120114914_G->A	0.00461245330161675	UTR3
RCL1_chr9:4860569_G->A	0.00387974486577151	UTR3
ZMIZ2_chr7:44808223_G->A	0.00340317446247785	UTR3
