TMEM165_chr4:56290573_T->C	0.4837330856125	intronic
DCBLD1_chr6:117869850_C->T	0.404498313293675	intronic
HNRNPH1_chr5:179043647_T->G	0.322262655569207	intronic
NMRAL1_chr16:4524443_C->G	0.291366659527433	intronic
NBPF20,NBPF9,PDE4DIP_chr1:145004852_T->G	0.230789850412558	intronic
ARGLU1_chr13:107210841_T->C	0.229929508343767	intronic
DPYD_chr1:98012393_C->T	0.228954919236645	intronic
CCDC57_chr17:80112599_G->T	0.220682485197464	intronic
ARFGAP1_chr20:61915375_G->T	0.206643920403834	intronic
CYR61_chr1:86047311_G->C	0.184431125488524	intronic
SOD2_chr6:160101532_T->G	0.182757174837964	intronic
FAM20A,PRKAR1A_chr17:66537374_G->T	0.175350389321652	intronic
CCDC57_chr17:80113381_G->C	0.167454810495163	intronic
HNRNPH1_chr5:179048449_T->G	0.140122557139957	intronic
APOL3_chr22:36545137_A->T	0.0689941782941712	intronic
CALCOCO1_chr12:54106046_C->T	0.0616593147289005	intronic
LLGL2_chr17:73562216_G->A	0.0540117584773099	intronic
PPIA_chr7:44837298_G->A	0.0480476537777469	intronic
RPL3_chr22:39712981_A->G	0.0353087482257856	intronic
RPL10A_chr6:35437113_C->G	0.0329313869637488	intronic
CCDC57_chr17:80111724_A->G	0.0302686602853347	intronic
HNRNPH1_chr5:179048585_T->C	0.0237050785347145	intronic
PHF10_chr6:170108689_T->C	0.0156020188763088	intronic
HNRNPH1_chr5:179043041_C->G	0.00156077899156995	intronic
