PLEC_chr8:144990335_G->A	0.338702544427058	UTR3
PPP2R4_chr9:131910644_G->A	0.270654345607691	UTR3
FSTL1_chr3:120113403_T->G	0.270042352362793	UTR3
FSTL1_chr3:120113286_C->T	0.266086754362167	UTR3
PRRC2C_chr1:171561250_G->A	0.258427432321285	UTR3
NMT1_chr17:43185492_C->G	0.255382516067392	UTR3
TUBA1B_chr12:49521672_G->A	0.234242770199451	UTR3
TIMP3_chr22:33258050_C->T	0.225828786765388	UTR3
ZMIZ2_chr7:44808091_T->G	0.205754006148972	UTR3
TWSG1_chr18:9401746_C->A	0.200622289500919	UTR3
OGDH_chr7:44748330_A->G	0.200352842705628	UTR3
DDIT4_chr10:74035297_C->T	0.195086146724657	UTR3
FSTL1_chr3:120114128_A->C	0.193905697442811	UTR3
PPP2R4_chr9:131910093_G->T	0.178650718013177	UTR3
DDIT4_chr10:74035041_T->A	0.148997057144816	UTR3
CRAT_chr9:131857630_C->T	0.142060591753533	UTR3
TMEM50B_chr21:34822150_T->A	0.141927147200027	UTR3
FSTL1_chr3:120114914_G->A	0.132239757719315	UTR3
RCL1_chr9:4860569_G->A	0.131682275263498	UTR3
ZMIZ2_chr7:44808223_G->A	0.131319675864063	UTR3
PPP2R4_chr9:131910805_A->T	0.128343247186079	UTR3
TIMP3_chr22:33258288_T->C	0.125908503885986	UTR3
PIP4K2A_chr10:22826093_A->C	0.103633280849555	UTR3
HLA-B_chr6:31321803_G->A	0.100998527308838	UTR3
EMILIN2_chr18:2913431_T->C	0.0961251296516905	UTR3
RAB15_chr14:65412748_G->C	0.089920105847087	UTR3
DNAJC11,THAP3_chr1:6695331_G->T	0.0754687123341822	UTR3
HMGCL_chr1:24128467_C->T	0.0547028293598006	UTR3
PRDX6_chr1:173457599_A->G	0.0491016250598943	UTR3
SOD2_chr6:160103084_C->T	0.0383602094959878	UTR3
LARP4B_chr10:858022_C->T	0.0318147099579682	UTR3
FSTL1_chr3:120115286_T->G	0.0286678013804026	UTR3
TIMP3_chr22:33257322_T->C	0.0156166380073241	UTR3
AKAP13_chr15:86288387_C->T	0.0116828070417301	UTR3
TWSG1_chr18:9400701_G->A	0.0110188125115734	UTR3
HCLS1_chr3:121350583_C->T	0.00588782931216738	UTR3
