GMPPA_chr2:220363917_G->A	0.701691495590686	UTR5
FBLIM1_chr1:16091074_A->G	0.344831610396888	UTR5
CYSTM1_chr5:139574050_G->A	0.301230359306672	UTR5
HLA-DQB1_chr6:32634426_G->A	0.253047120761101	UTR5
PPP1R2_chr3:195270012_A->G	0.231783025242906	UTR5
HLA-DQB1_chr6:32634425_C->T	0.220192329265362	UTR5
PHYKPL_chr5:177658883_C->A	0.194743134874775	UTR5
MBTPS1_chr16:84135515_C->T	0.190411812397525	UTR5
SOX4_chr6:21594373_G->A	0.17449286158741	UTR5
AMZ2_chr17:66244578_T->C	0.125732375938722	UTR5
GSKIP_chr14:96846092_G->A	0.106309275934425	UTR5
